row1:
  j_xyz: 0.0 0.0 1.0
  j_rpy: 0.0 -0.0 1.000000238418579
  l_xyz: 0 0 -0.0
  l_rpy: 0 0 0
  l_len: 0.0
row2:
  j_xyz: 0.0 0.0 0.0
  j_rpy: -1.5693225860595703 0.9999997615814209 0.0012401238782331347
  l_xyz: 0 0 -0.0
  l_rpy: 0 0 0
  l_len: 0.0
row3:
  j_xyz: 2.0 0.0 0.0
  j_rpy: 0.0 -0.0 1.000000238418579
  l_xyz: 0 0 -0.0
  l_rpy: 0 0 0
  l_len: 0.0
