r1:
 xyz: 0.0 0.0 1.0
 rpy: 0.0 -0.0 1.000000238418579
 size: 0.2 0.2 1.6
r2:
 xyz: 0.0 0.0 0.9
 rpy: -1.5693225860595703 0.9999997615814209 0.0012401238782331347
 size: 0.2 0.2 0.2
r3:
 xyz: 2.0 0.0 0.0
 rpy: 0.0 -0.0 0.0
 size: 0.2 0.2 0.6
r4:
 element_xyz: 0.0 0.0 1.0
 size: 0.2 0.2 1.8
 rpy: 0.0 1.5693225860595703 0.0
limit:
 lower: -3.1393225860595706
 uper: 0.0006774139404297497
